{
"lat0" : 1.3529740367084742,
"lon0" : 44.016495142132044,
"pts" : 512
}
