{
"lat0" : 1.3529740367084742, "lon0" : 44.016495142132044, "pts" : 512,
"pt1" : 87x28x155x88x28x155x89x28x155,
"x500" : 87, "y500" : 295, "t500" : 2933,
"x501" : 88, "y501" : 292, "t501" : 2936,
"x502" : 90, "y502" : 292, "t502" : 2937,
"x503" : 91, "y503" : 291, "t503" : 2938,
"x504" : 92, "y504" : 291, "t504" : 2939,
"x505" : 93, "y505" : 292, "t505" : 2940,
"x506" : 96, "y506" : 292, "t506" : 2942,
"x507" : 105, "y507" : 298, "t507" : 2949,
"x508" : 112, "y508" : 300, "t508" : 2954,
"x509" : 121, "y509" : 298, "t509" : 2959,
"x510" : 120, "y510" : 293, "t510" : 2961,
"x511" : 115, "y511" : 279, "t511" : 2972
}
